ID	O	1:m@2:	RXg	U	HP		
21		1	7	6	5	ˌAYсF̃^[SĂ̖m̍U+2	
22	Č	1	7	5	5	YсFGm1̂̍U-4	
22	Č	1	7	5	5	YсFGm1̂̍U-4	
23		1	5	4	6	UAU+2	
23		1	5	4	6	UAU+2	
23		1	5	4	6	UAU+2	
24	s	1	3	2	3	SĂ̖m͓ˌ𓾂	
24	s	1	3	2	3	SĂ̖m͓ˌ𓾂	
25	γM	1	3	2	4	UAU+2	
25	γM	1	3	2	4	UAU+2	
25	γM	1	3	2	4	UAU+2	
26		1	2	1	2	YсFGm1̂̍U-2	
26		1	2	1	2	YсFGm1̂̍U-2	
26		1	2	1	2	YсFGm1̂̍U-2	
27	̉	2	0	2	-1	Gm1̂̍U-2	
27	̉	2	0	2	-1	Gm1̂̍U-2	
27	̉	2	0	2	-1	Gm1̂̍U-2	
28	ˌ	2	4	3	-1	R3̏	
28	ˌ	2	4	3	-1	R3̏	
29		2	4	2	-1	SĂ̓Gm2_[W	
29		2	4	2	-1	SĂ̓Gm2_[W	
29		2	4	2	-1	SĂ̓Gm2_[W	
30	ؒf	2	5	8	-1	Gm1̂8_[W	
30	ؒf	2	5	8	-1	Gm1̂8_[W	
42		1	3	3	3		
43	㋉	1	5	5	5		
43	㋉	1	5	5	5		
44	R	1	1	1	1	ˌ	
44	R	1	1	1	1	ˌ	
46	㋉R	1	5	4	2	ˌ	
-1	
